/**
 * Example usage of Space Weather Forecast WASM Parser
 */

const { SpaceWeatherForecastWASM } = require('./wasm/node');

// Initialize WASM module
const parser = new SpaceWeatherForecastWASM();

(async () => {
    try {
        console.log('Initializing Space Weather Forecast WASM Parser...');
        await parser.init();

        // Example NOAA SWPC text format
        const noaaText = `
NOAA / NWS Space Weather Prediction Center
45-DAY AP FORECAST

FORECASTER: SWPC Forecasting System
PRODUCT: 45-Day Ap and F10.7cm Flux Forecast
VERSION: 1.0

07Mar26 016 08Mar26 010 09Mar26 006
10Mar26 009 11Mar26 014 12Mar26 006
13Mar26 016 14Mar26 010 15Mar26 005
16Mar26 012 17Mar26 010 18Mar26 008
19Mar26 014 20Mar26 009 21Mar26 005
22Mar26 010 23Mar26 012 24Mar26 008
25Mar26 014 26Mar26 010 27Mar26 006
28Mar26 016 29Mar26 010 30Mar26 008
31Mar26 014 01Apr26 009 02Apr26 005
03Apr26 010 04Apr26 012 05Apr26 008
06Apr26 014 07Apr26 010 08Apr26 006
09Apr26 016 10Apr26 010 11Apr26 008
12Apr26 014 13Apr26 010 14Apr26 005
15Apr26 010 16Apr26 012 17Apr26 008
18Apr26 014 19Apr26 010 20Apr26 006
21Apr26 010 22Apr26 012

45-DAY F10.7 CM FLUX FORECAST

140 138 135 140 145 148 150 148 145 140
138 135 140 145 150 153 155 153 150 145
140 138 135 140 145 150 153 155 153 150
145 140 138 135 140 145 150 153 155 153
150 145 140 138 135 140 145 150 153 155
153 150 145 140 138 135 140 145 150 153
155 153 150 145 140 138 135 140 145 150
153 155 153 150 145 140 138 135 140 145
150 153 155 153 150 145 140 138 135 140
145 150 153 155 153 150 145 140 138 135
140 145 150 153 155 153 150 145 140 138
135 140 145 150 153 155 153 150 145 140
138 135 140 145 150 153 155 153 150 145
140 138 135 140 145 150 153 155 153 150
145 140 138 135 140 145 150 153 155 153
150 145 140 138 135 140 145 150 153 155
153 150 145 140 138 135 140 145 150 153
155 153 150 145 140 138 135 140 145 150
153 155 153 150 145 140 138 135 140 145
150 153 155 153 150 145 140 138 135 140
145 150 153 155 153 150 145 140 138 135
140 145 150 153 155 153 150 145 140 138
135 140 145 150 153 155 153 150 145 140
138 135 140 145 150 153 155 153 150 145
140 138 135 140 145 150 153 155 153 150
145 140 138 135 140 145 150 153 155 153
150 145 140 138 135 140 145 150 153 155
153 150 145 140 138 135 140 145 150 153
155 153 150 145 140 138 135 140 145 150
153 155 153 150 145 140 138 135 140 145
150 153 155 153 150 145 140 138 135 140
145 150 153 155 153 150 145 140 138 135
140 145 150 153 155 153 150 145 140 138
135 140 145 150 153 155 153 150 145 140
138 135 140 145 150 153 155 153 150 145
140 138 135 140 145 150 153 155 153 150
145 140 138 135 140 145 150 153 155 153
150 145 140 138 135 140 145 150 153 155
153 150 145 140 138 135 140 145 150 153
155 153 150 145 140 138 135 140 145 150
153 155 153 150 145 140 138 135 140 145
150 153 155 153 150 145 140 138 135 140
145 150 153 155 153 150 145 140 138 135
140 145 150 153 155 153 150 145 140 138
135 140 145 150 153 155 153 150 145 140
138 135 140 145 150 153 155 153 150 145
140 138 135 140 145 150 153 155 153 150
145 140 138 135 140 145 150 153 155 153
150 145 140 138 135 140 145 150 153 155
153 150 145 140 138 135 140 145 150 153
155 153 150 145 140 138 135 140 145 150
153 155 153 150 145 140 138 135 140 145
150 153 155 153 150 145 140 138 135 140
145 150 153 155 153 150 145 140 138 135
140 145 150 153 155 153 150 145 140 138
135 140 145 150 153 155 153 150 145 140
138 135 140 145 150 153 155 153 150 145
140 138 135 140 145 150 153 155 153 150
145 140 138 135 140 145 150 153 155 153
150 145 140 138 135 140 145 150 153 155
153 150 145 140 138 135 140 145 150 153
155 153 150 145 140 138 135 140 145 150
153 155 153 150 145 140 138 135 140 145
150 153 155 153 150 145 140 138 135 140
145 150 153 155 153 150 145 140 138 135
140 145 150 153 155 153 150 145 140 138
135 140 145 150 153 155 153 150 145 140
138 135 140 145 150 153 155 153 150 145
140 138 135 140 145 150 153 155 153 150
145 140 138 135 140 145 150 153 155 153
150 145 140 138 135 140 145 150 153 155
153 150 145 140 138 135 140 145 150 153
155 153 150 145 140 138 135 140 145 150
153 155 153 150 145 140 138 135 140 145
150 153 155 153 150 145 140 138 135 140
145 150 153 155 153 150 145 140 138 135
140 145 150 153 155 153 150 145 140 138
135 140 145 150 153 155 153 150 145 140
138 135 140 145 150 153 155 153 150 145
140 138 135 140 145 150 153 155 153 150
145 140 138 135 140 145 150 153 155 153
150 145 140 138 135 140 145 150 153 155
153 150 145 140 138 135 140 145 150 153
155 153 150 145 140 138 135 140 145 150
153 155 153 150 145 140 138 135 140 145
150 153 155 153 150 145 140 138 135 140
145 150 153 155 153 150 145 140 138 135
140 145 150 153 155 153 150 145 140 138
135 140 145 150 153 155 153 150 145 140
138 135 140 145 150 153 155 153 150 145
140 138 135 140 145 150 153 155 153 150
145 140 138 135 140 145 150 153 155 153
150 145 140 138 135 140 145 150 153 155
153 150 145 140 138 135 140 145 150 153
155 153 150 145 140 138 135 140 145 150
153 155 153 150 145 140 138 135 140 145
150 153 155 153 150 145 140 138 135 140
145 150 153 155 153 150 145 140 138 135
140 145 150 153 155 153 150 145 140 138
135 140 145 150 153 155 153 150 145 140
138 135 140 145 150 153 155 153 150 145
140 138 135 140 145 150 153 155 153 150
145 140 138 135 140 145 150 153 155 153
150 145 140 138 135 140 145 150 153 155
153 150 145 140 138 135 140 145 150 153
155 153 150 145 140 138 135 140 145 150
153 155 153 150 145 140 138 135 140 145
150 153 155 153 150 145 140 138 135 140
145 150 153 155 153 150 145 140 138 135
140 145 150 153 155 153 150 145 140 138
135 140 145 150 153 155 153 150 145 140
138 135 140 145 150 153 155 153 150 145
140 138 135 140 145 150 153 155 153 150
145 140 138 135 140 145 150 153 155 153
150 145 140 138 135 140 145 150 153 155
153 150 145 140 138 135 140 145 150 153
155 153 150 145 140 138 135 140 145 150
153 155 153 150 145 140 138 135 140 145
150 153 155 153 150 145 140 138 135 140
145 150 153 155 153 150 145 140 138 135
140 145 150 153 155 153 150 145 140 138
135 140 145 150 153 155 153 150 145 140
138 135 140 145 150 153 155 153 150 145
140 138 135 140 145 150 153 155 153 150
145 140 138 135 140 145 150 153 155 153
150 145 140 138 135 140 145 150 153 155
153 150 145 140 138 135 140 145 150 153
155 153 150 145 140 138 135 140 145 150
153 155 153 150 145 140 138 135 140 145
150 153 155 153 150 145 140 138 135 140
145 150 153 155 153 150 145 140 138 135
140 145 150 153 155 153 150 145 40 138
`;

        console.log('\nParsing NOAA forecast...');
        const forecast = await parser.parseNOAAForecast(noaaText);

        console.log('\nParsed Forecast:');
        console.log('Product:', forecast.product_name);
        console.log('Issued:', forecast.issued);
        console.log('Ap Trend:', forecast.ap_trend);
        console.log('F107 Trend:', forecast.f107_trend);
        console.log('Ap Current:', forecast.ap_current);
        console.log('F107 Current:', forecast.f107_current);
        console.log('Forecast Duration:', forecast.forecast_duration_days, 'days');

        console.log('\nGetting metadata...');
        const metadata = await parser.getMetadata(noaaText);
        console.log('Metadata:', JSON.stringify(metadata, null, 2));

        console.log('\nGetting statistics...');
        const stats = await parser.getStatistics(noaaText);
        console.log('Statistics:', JSON.stringify(stats, null, 2));

        console.log('\n✓ Parsing successful!');

    } catch (error) {
        console.error('\n✗ Error:', error);
        process.exit(1);
    }
})();
